# Created by Octave 6.4.0, Mon Dec 20 18:10:50 2021 GMT <unknown@LAPTOP-AKB7TAJ0>
# name: X
# type: matrix
# rows: 400
# columns: 2
 40.613806784152985 49.93305629491806
 68.973225891590118 81.611315727233887
 81.882554650306702 20.473676845431328
 6.9769851490855217 7.350049689412117
 35.388406813144684 44.447235643863678
 31.921137034893036 10.804374516010284
 36.02137690782547 11.535118460655212
 17.8320182710886 46.388974219560623
 8.3158948719501495 55.909147083759308
 8.3412946313619614 35.275673508644104
 9.4297439008951187 40.459840059280396
 47.433488368988037 14.321913927793503
 30.762115180492401 18.557525098323822
 49.422676622867584 49.556961238384247
 54.325899183750153 72.138689041137695
 48.661657452583313 14.074881613254547
 28.974586814641953 39.618342399597168
 77.060820460319519 51.026468813419342
 4.4769669584929943 89.040173709392548
 18.707088977098465 22.903354704380035
 35.936506390571594 24.323682188987732
 17.227300435304642 44.008738458156586
 11.360058963298798 13.172488734126091
 6.5508871227502823 7.0111177936196327
 41.411955893039703 49.277314066886902
 4.475929144769907 83.939417362213135
 39.354493498802185 46.223964393138885
 12.607983991503716 19.574232071638107
 48.750520467758179 35.747132897377014
 47.94758602976799 24.668483033776283
 17.286701619625092 13.217031955718994
 36.301991313695908 94.670355200767517
 13.013462021946907 21.731347739696503
 30.617465257644653 6.120515488088131
 44.705801725387573 49.340116322040558
 39.129415333271027 6.1937524154782295
 28.987804710865021 29.108999073505402
 28.915738224983215 21.402353644371033
 49.299645185470581 7.2576176673173904
 32.553631067276001 7.1860228627920151
 11.705655604600906 18.960097447037697
 9.9455544799566269 12.078926905989647
 12.481533229351044 4.7599787265062332
 11.311313688755035 14.98341292142868
 22.104841977357864 39.571753144264221
 29.170738220214844 3.8196067363023758
 7.6273472160100937 24.232129275798798
 35.979131668806076 48.322924971580505
 19.500332966446877 29.222417026758194
 47.569348573684692 34.820449888706207
 24.31657050549984 90.368368744850159
 25.777450859546661 16.029704391956329
 79.366900086402893 5.3205313831567764
 19.912662714719772 40.274491190910339
 43.478700041770935 33.206359207630157
 8.7401202246546745 50.801793575286865
 1.1976922620087862 46.960418164730072
 3.3694064132869244 38.969399988651276
 14.236471176147461 33.543831884860992
 16.68998946249485 29.965355932712555
 12.094912230968475 31.450650215148926
 2.9335147924721241 28.418425440788269
 7.9304293170571327 26.713256359100342
 24.905694633722305 45.817150175571442
 14.705629110336304 16.45077857375145
 60.371583819389343 36.533358126878738
 48.767673313617706 49.140129268169403
 27.931264758110046 20.378742307424545
 90.368445456027985 50.809417486190796
 50.564809143543243 29.589987486600876
 42.3944491147995 70.429434180259705
 14.216225385665894 46.383439421653748
 94.497660636901855 37.767310529947281
 5.0505771562457085 4.8767034336924553
 5.4018085449934006 32.89327085018158
 38.335322976112366 32.95402866601944
 1.6500332681462169 3.3564673028886318
 43.400342524051666 1.3937529884278774
 26.40502655506134 5.6174351945519447
 60.379951238632202 76.526916563510895
 33.703379929065704 23.740431398153305
 29.83735978603363 12.314338251948357
 29.643158495426178 5.1899889335036278
 44.532561779022217 32.064942896366119
 29.453105241060257 41.873043239116669
 47.562087893486023 24.791144698858261
 16.626541942358017 28.944079995155334
 16.850984871387482 36.294172286987305
 29.946734368801117 28.011313319206238
 35.536184728145599 44.998182833194733
 43.070337891578674 49.826097071170807
 20.795631229877472 9.3233417868614197
 56.383824050426483 26.761796832084656
 43.568334102630615 39.47246640920639
 49.399504363536835 26.987402617931366
 6.8247189596295357 1.0386689039878547
 20.17727518081665 42.748689532279968
 6.5910742804408073 94.86517208814621
 90.153394520282745 38.273846238851547
 44.278300702571869 24.9608433842659
 37.765407502651215 30.554238140583038
 46.029459357261658 2.712295688688755
 25.470075011253357 63.569985568523407
 9.4976010322570801 36.197984337806702
 42.254436463117599 78.118148326873779
 46.729095697402954 25.321021020412445
 26.094248414039612 37.940646886825562
 43.429406821727753 36.806650549173355
 10.224251382052898 33.185248613357544
 23.721356675028801 61.592170774936676
 74.238409698009491 33.153620004653931
 30.414002656936646 24.756213992834091
 16.614044576883316 29.116954863071442
 30.845712304115295 20.836911380290985
 65.174848318099976 52.580843806266785
 32.00000274181366 34.616452813148499
 59.94757753610611 30.358536124229431
 40.644441246986389 44.549834370613098
 25.363191962242126 2.3448785468935966
 78.460439503192902 95.03777813911438
 17.822425037622452 19.241438239812851
 12.193537957966328 83.750306606292725
 9.6258516311645508 6.6362767815589905
 48.396776974201202 7.2879250198602676
 51.066458940505981 45.460889935493469
 21.108767777681351 24.249531835317612
 36.49682879447937 18.586269915103912
 20.158949017524719 14.549984484910965
 22.031081527471542 1.7162820920348167
 22.939774930477142 47.798565268516541
 12.141810208559036 5.5680050328373909
 2.3821359891444445 24.562014162540436
 23.985869258642197 3.4280792661011219
 28.153159439563751 46.799620091915131
 90.522876858711243 69.885091662406921
 7.5677540004253387 2.6407956220209599
 46.939839422702789 9.9199632108211517
 35.834840893745422 81.629761815071106
 59.228799700737 33.118589550256729
 47.27520340681076 9.0824111849069595
 36.04206371307373 14.632356405258179
 8.1026606634259224 25.131811171770096
 36.330224514007568 2.7440356090664864
 80.761556506156921 48.055191159248352
 32.373615264892578 27.483184993267059
 44.452698528766632 46.093243777751923
 4.196584552526474 29.670875251293182
 17.944238573312759 38.928949296474457
 9.3331631273031235 36.869860112667084
 58.926008880138397 32.573361903429031
 35.930630087852478 4.9491401091217995
 21.618385165929794 8.1623083502054214
 31.901723623275757 30.484433591365814
 37.116518795490265 9.8584686666727066
 7.7144191563129425 36.652074754238129
 30.515716433525085 48.71777731180191
 1.284184982534498 38.892730593681335
 44.384298712015152 42.326636433601379
 44.175982356071472 20.065293252468109
 34.175765156745911 12.717725113034248
 45.560003519058228 37.392643690109253
 53.109861791133881 97.830177128314972
 47.700978338718414 32.932021737098694
 6.9834758788347244 47.379647970199585
 10.075101837515831 44.164810955524445
 82.302017271518707 97.049794316291809
 15.062912926077843 84.106476604938507
 14.569050341844559 32.861631691455841
 2.301699623465538 45.426113188266754
 47.868768393993378 7.9337984472513199
 34.365234702825546 61.53222393989563
 45.474104940891266 35.849112451076508
 44.806531250476837 29.985774397850037
 45.381436347961426 21.319416582584381
 8.65725177526474 33.392864644527435
 2.5226133391261101 26.129386484622955
 21.701657578349113 22.052831023931503
 28.82157427072525 44.305456697940826
 22.836631909012794 15.973889142274857
 7.4701933562755585 26.959498941898346
 16.929968863725662 25.595814108848572
 35.981828689575195 29.04284393787384
 24.282897248864174 60.814148306846619
 31.635905623435974 41.752317070960999
 22.790402352809906 36.189622581005096
 7.1219822615385056 49.418602347373962
 44.42519074678421 10.528065621852875
 16.363150984048843 13.734384626150131
 7.0034810826182365 40.778051197528839
 17.576138734817505 24.528489738702774
 4.8918939828872681 48.411350905895233
 2.3460629526525736 48.468224287033081
 46.58568412065506 43.125061690807343
 86.059230446815491 11.373810425400734
 35.876604318618774 11.282651379704475
 41.503719091415405 30.941593587398529
 42.454167246818542 23.863053947687149
 48.082219541072845 15.6507967710495
 44.594619274139404 8.0244627594947815
 29.852982223033905 21.607793509960175
 67.451049715280533 82.080927491188049
 99.964055836200714 70.570144176483154
